0.392669
-0.919420
-0.095326
0.378303
-0.833225
0.091432
0.430978
-0.833225
-0.028285
0.397458
-0.900266
-0.018707
0.483653
-1.019982
-0.071383
0.430978
-0.881111
-0.076172
0.450133
-0.890688
-0.042651
0.368726
-0.871534
-0.061806
0.498019
-0.957729
0.081854
0.354360
-0.770972
-0.066594
0.464499
-0.943364
-0.052228
0.852379
-1.570676
0.354807
1.690392
-2.480519
0.675646
1.024770
-2.332071
0.354807
0.330417
-0.751818
0.584661
0.124505
-1.010405
-0.057016
0.301685
-1.278569
-0.363490
-0.220278
-0.383092
0.177627
-0.205912
-1.747856
-1.369106
-0.569849
-1.393496
-0.066594
0.038309
-0.838013
1.245495
-0.148448
-0.905054
0.690012
0.665622
-1.144487
0.464946
-0.014366
-1.125332
-0.942917
-0.057464
-0.847591
-0.013919
-0.876322
-0.589004
0.943810
-2.375169
-0.986461
1.049161
-1.848418
-0.512385
0.527198
-1.915459
1.915459
-1.134462
-1.494058
-0.598581
-1.282910
-1.288146
-0.483653
1.149722
-0.723086
-4.616256
-1.900646
-0.866745
-2.111793
1.068315
-3.007271
-2.494885
0.651703
-3.347265
-1.034348
0.412271
-1.824475
-0.339994
-0.722639
1.110966
-0.521963
-4.127367
3.452615
-1.776588
-1.771353
1.268992
1.407862
-1.172771
-0.952941
0.742240
0.124951
0.201123
-0.411824
0.134529
-0.196335
-0.996039
-0.090537
-1.661661
-0.459710
-0.665175
-1.637717
-0.100562
0.249456
-1.273780
-0.718297
0.048333
-1.087023
-0.344783
0.282977
-1.101389
-1.398285
-0.167155
-1.474903
-0.536328
-0.071383
-1.417440
-0.555483
0.263823
-1.431806
-0.699142
0.350019
-1.920248
-0.426190
-0.339547
-1.585042
-0.842802
0.579873
-1.838841
-0.694354
0.345229
-1.934614
-0.770972
-0.042651
-1.431806
-1.216316
0.326075
-1.479692
-0.823647
-0.325181
-1.886727
-1.187584
-0.004342
-1.359976
-0.957729
0.187204
-1.450960
-1.216316
-0.066594
-1.465326
-1.206739
0.024390
-1.149275
-1.369553
-0.219831
-1.173219
-0.785338
0.038756
-0.857168
-0.272953
0.249456
-0.962518
-0.057464
0.072277
-0.790127
-0.215489
-0.080960
-1.743068
1.393496
-0.076172